22.47798177213141    24.958952802279562
25.480251280719965    26.736054424046344
25.326720402383245    28.105546305433123
27.336362541891887    28.73304458296839
24.476852197842124    26.901553407422895
18.25316721600761    21.1848304036375
25.679692384417155    27.183276706357322
35.15802344639418    32.60007657018241
21.827023050151237    24.780935065609746
20.81296452846209    24.10112607054638
22.873424002222336    24.990535470273777
23.403149589634864    25.764490285389577
32.90460496789871    32.020510566747156
29.39821461419417    30.380349068751382
30.131409066139142    32.01571641836855
37.290661442275066    36.36032934670061
26.32341405825224    28.869532456139538
21.608480353210517    24.807293045548263
18.242838745868976    21.086792607706602
22.04986347912229    24.294342335004814

25.55275495696096    27.29376439695569
